<?xml version="1.0" encoding="utf-8"?>
<COLLADA xmlns="http://www.collada.org/2005/11/COLLADASchema" version="1.4.1">
  <asset>
    <contributor>
      <author>Mixamo</author>
      <authoring_tool>COLLADA Mixamo exporter</authoring_tool>
      <comments/>
    </contributor>
    <created>2025-05-13T14:12:15Z</created>
    <modified>2025-05-13T14:12:15Z</modified>
    <revision/>
    <title/>
    <unit meter="0.010000"/>
    <up_axis>Y_UP</up_axis>
  </asset>
  <library_animations>
    <animation id="mixamorig1_Hips-anim" name="mixamorig1_Hips">
      <source id="mixamorig1_Hips-Matrix-animation-input">
        <float_array id="mixamorig1_Hips-Matrix-animation-input-array" count="94">

0.000000 0.033333 0.066667 0.100000 0.133333 0.166667 0.200000 0.233333 0.266667 0.300000 0.333333 0.366667 0.400000 0.433333 0.466667 0.500000
0.533333 0.566667 0.600000 0.633333 0.666667 0.700000 0.733333 0.766667 0.800000 0.833333 0.866667 0.900000 0.933333 0.966667 1.000000 1.033333
1.066667 1.100000 1.133333 1.166667 1.200000 1.233333 1.266667 1.300000 1.333333 1.366667 1.400000 1.433333 1.466667 1.500000 1.533333 1.566667
1.600000 1.633333 1.666667 1.700000 1.733333 1.766667 1.800000 1.833333 1.866667 1.900000 1.933333 1.966667 2.000000 2.033333 2.066667 2.100000
2.133333 2.166667 2.200000 2.233333 2.266667 2.300000 2.333333 2.366667 2.400000 2.433333 2.466667 2.500000 2.533333 2.566667 2.600000 2.633333
2.666667 2.700000 2.733333 2.766667 2.800000 2.833333 2.866667 2.900000 2.933333 2.966667 3.000000 3.033333 3.066667 3.100000</float_array>
        <technique_common>
          <accessor source="#mixamorig1_Hips-Matrix-animation-input-array" count="94">
            <param name="TIME" type="float"/>
          </accessor>
        </technique_common>
      </source>
      <source id="mixamorig1_Hips-Matrix-animation-output-transform">
        <float_array id="mixamorig1_Hips-Matrix-animation-output-transform-array" count="1504">

0.764802 0.127497 -0.631524 -0.172977 0.021130 0.974732 0.222375 96.661812 0.643919 -0.183417 0.742783 0.076527 0.000000 0.000000 0.000000 1.000000
0.764821 0.127485 -0.631503 -0.165371 0.021142 0.974731 0.222379 96.657616 0.643896 -0.183432 0.742799 0.065963 0.000000 0.000000 0.000000 1.000000
0.764873 0.127447 -0.631448 -0.157979 0.021182 0.974727 0.222391 96.654144 0.643833 -0.183476 0.742843 0.054159 0.000000 0.000000 0.000000 1.000000
0.764950 0.127392 -0.631365 -0.150809 0.021243 0.974722 0.222409 96.651215 0.643739 -0.183544 0.742908 0.041396 0.000000 0.000000 0.000000 1.000000
0.765047 0.127320 -0.631263 -0.143936 0.021323 0.974715 0.222432 96.648911 0.643622 -0.183631 0.742987 0.027854 0.000000 0.000000 0.000000 1.000000
0.765154 0.127235 -0.631150 -0.137333 0.021420 0.974706 0.222461 96.647385 0.643490 -0.183736 0.743075 0.013745 0.000000 0.000000 0.000000 1.000000
0.765267 0.127140 -0.631033 -0.131033 0.021532 0.974696 0.222494 96.646591 0.643353 -0.183855 0.743165 -0.000742 0.000000 0.000000 0.000000 1.000000
0.765376 0.127039 -0.630921 -0.124976 0.021658 0.974685 0.222531 96.647278 0.643219 -0.183985 0.743249 -0.015382 0.000000 0.000000 0.000000 1.000000
0.765475 0.126934 -0.630822 -0.119870 0.021796 0.974673 0.222571 96.649071 0.643097 -0.184122 0.743321 -0.030008 0.000000 0.000000 0.000000 1.000000
0.765556 0.126827 -0.630745 -0.116116 0.021944 0.974660 0.222613 96.651733 0.642995 -0.184264 0.743374 -0.044450 0.000000 0.000000 0.000000 1.000000
0.765613 0.126722 -0.630697 -0.113750 0.022099 0.974646 0.222657 96.655266 0.642922 -0.184407 0.743402 -0.058487 0.000000 0.000000 0.000000 1.000000
0.765638 0.126622 -0.630686 -0.112453 0.022262 0.974633 0.222701 96.659447 0.642886 -0.184548 0.743397 -0.071939 0.000000 0.000000 0.000000 1.000000
0.765611 0.126533 -0.630737 -0.111901 0.022430 0.974618 0.222746 96.663864 0.642913 -0.184684 0.743341 -0.084615 0.000000 0.000000 0.000000 1.000000
0.765564 0.126447 -0.630812 -0.111879 0.022600 0.974605 0.222788 96.668335 0.642963 -0.184814 0.743264 -0.096297 0.000000 0.000000 0.000000 1.000000
0.765533 0.126351 -0.630868 -0.112155 0.022769 0.974593 0.222822 96.672981 0.642993 -0.184942 0.743207 -0.106795 0.000000 0.000000 0.000000 1.000000
0.765455 0.126268 -0.630980 -0.112396 0.022945 0.974580 0.222861 96.677841 0.643081 -0.185068 0.743100 -0.115974 0.000000 0.000000 0.000000 1.000000
0.765371 0.126183 -0.631098 -0.112373 0.023114 0.974570 0.222890 96.682938 0.643174 -0.185181 0.742991 -0.123554 0.000000 0.000000 0.000000 1.000000
0.765409 0.126058 -0.631077 -0.112923 0.023271 0.974565 0.222895 96.688362 0.643124 -0.185291 0.743007 -0.129380 0.000000 0.000000 0.000000 1.000000
0.765423 0.125938 -0.631084 -0.114170 0.023425 0.974561 0.222893 96.691566 0.643101 -0.185391 0.743002 -0.134237 0.000000 0.000000 0.000000 1.000000
0.765397 0.125828 -0.631137 -0.116227 0.023576 0.974559 0.222887 96.694107 0.643126 -0.185477 0.742958 -0.138222 0.000000 0.000000 0.000000 1.000000
0.765407 0.125707 -0.631150 -0.119258 0.023718 0.974560 0.222868 96.697647 0.643110 -0.185554 0.742953 -0.141223 0.000000 0.000000 0.000000 1.000000
0.765420 0.125583 -0.631159 -0.123308 0.023855 0.974563 0.222840 96.701965 0.643089 -0.185622 0.742954 -0.143240 0.000000 0.000000 0.000000 1.000000
0.765388 0.125473 -0.631219 -0.128299 0.023989 0.974567 0.222811 96.706474 0.643121 -0.185679 0.742912 -0.144262 0.000000 0.000000 0.000000 1.000000
0.765272 0.125391 -0.631377 -0.133647 0.024124 0.974568 0.222788 96.710709 0.643255 -0.185724 0.742785 -0.144275 0.000000 0.000000 0.000000 1.000000
0.765196 0.125295 -0.631487 -0.139463 0.024256 0.974572 0.222760 96.715500 0.643340 -0.185772 0.742700 -0.143249 0.000000 0.000000 0.000000 1.000000
0.765223 0.125168 -0.631480 -0.145940 0.024382 0.974577 0.222721 96.720695 0.643304 -0.185828 0.742717 -0.141200 0.000000 0.000000 0.000000 1.000000
0.765301 0.124992 -0.631420 -0.153121 0.024533 0.974588 0.222659 96.726227 0.643205 -0.185891 0.742786 -0.138507 0.000000 0.000000 0.000000 1.000000
0.765346 0.124826 -0.631398 -0.160701 0.024686 0.974598 0.222598 96.732033 0.643145 -0.185952 0.742823 -0.135248 0.000000 0.000000 0.000000 1.000000
0.765438 0.124644 -0.631323 -0.168655 0.024836 0.974609 0.222531 96.738098 0.643030 -0.186013 0.742907 -0.131406 0.000000 0.000000 0.000000 1.000000
0.765642 0.124424 -0.631119 -0.176898 0.024978 0.974625 0.222448 96.744415 0.642782 -0.186079 0.743106 -0.126988 0.000000 0.000000 0.000000 1.000000
0.765777 0.124224 -0.630995 -0.185207 0.025122 0.974639 0.222366 96.750870 0.642616 -0.186135 0.743236 -0.122079 0.000000 0.000000 0.000000 1.000000
0.765766 0.124072 -0.631038 -0.193462 0.025269 0.974652 0.222296 96.757462 0.642623 -0.186172 0.743220 -0.116693 0.000000 0.000000 0.000000 1.000000
0.765736 0.123926 -0.631103 -0.201614 0.025412 0.974665 0.222223 96.764160 0.642653 -0.186202 0.743186 -0.110858 0.000000 0.000000 0.000000 1.000000
0.765678 0.123792 -0.631200 -0.209526 0.025552 0.974677 0.222151 96.771057 0.642717 -0.186224 0.743126 -0.104585 0.000000 0.000000 0.000000 1.000000
0.765562 0.123678 -0.631362 -0.217348 0.025690 0.974689 0.222084 96.777847 0.642849 -0.186239 0.743008 -0.097954 0.000000 0.000000 0.000000 1.000000
0.765420 0.123576 -0.631554 -0.225275 0.025826 0.974700 0.222019 96.784798 0.643012 -0.186248 0.742864 -0.090979 0.000000 0.000000 0.000000 1.000000
0.765362 0.123449 -0.631649 -0.233433 0.025953 0.974714 0.221944 96.792198 0.643076 -0.186260 0.742806 -0.083674 0.000000 0.000000 0.000000 1.000000
0.765248 0.123345 -0.631809 -0.241641 0.026073 0.974727 0.221871 96.800255 0.643208 -0.186260 0.742692 -0.076089 0.000000 0.000000 0.000000 1.000000
0.765264 0.123207 -0.631815 -0.249991 0.026171 0.974746 0.221779 96.808762 0.643184 -0.186255 0.742714 -0.068152 0.000000 0.000000 0.000000 1.000000
0.765305 0.123073 -0.631792 -0.258200 0.026227 0.974772 0.221655 96.817055 0.643133 -0.186204 0.742770 -0.059720 0.000000 0.000000 0.000000 1.000000
0.765279 0.122976 -0.631842 -0.266033 0.026249 0.974803 0.221518 96.824860 0.643163 -0.186109 0.742768 -0.050881 0.000000 0.000000 0.000000 1.000000
0.765372 0.122856 -0.631753 -0.273764 0.026238 0.974838 0.221363 96.832336 0.643053 -0.186001 0.742890 -0.041741 0.000000 0.000000 0.000000 1.000000
0.765444 0.122762 -0.631684 -0.280880 0.026199 0.974875 0.221205 96.839645 0.642968 -0.185870 0.742997 -0.032357 0.000000 0.000000 0.000000 1.000000
0.765517 0.122685 -0.631610 -0.287844 0.026117 0.974919 0.221023 96.846840 0.642885 -0.185692 0.743113 -0.022671 0.000000 0.000000 0.000000 1.000000
0.765510 0.122652 -0.631626 -0.294332 0.025990 0.974968 0.220823 96.853203 0.642899 -0.185458 0.743159 -0.012666 0.000000 0.000000 0.000000 1.000000
0.765444 0.122658 -0.631705 -0.300493 0.025826 0.975020 0.220613 96.858765 0.642984 -0.185181 0.743155 -0.002416 0.000000 0.000000 0.000000 1.000000
0.765317 0.122704 -0.631850 -0.306161 0.025631 0.975072 0.220402 96.863190 0.643143 -0.184872 0.743094 0.007953 0.000000 0.000000 0.000000 1.000000
0.765248 0.122750 -0.631924 -0.311430 0.025409 0.975127 0.220187 96.865967 0.643234 -0.184554 0.743095 0.018346 0.000000 0.000000 0.000000 1.000000
0.765138 0.122833 -0.632041 -0.315845 0.025177 0.975176 0.219997 96.866928 0.643374 -0.184241 0.743051 0.028152 0.000000 0.000000 0.000000 1.000000
0.764960 0.122961 -0.632232 -0.319782 0.024927 0.975220 0.219828 96.866928 0.643595 -0.183920 0.742939 0.037872 0.000000 0.000000 0.000000 1.000000
0.764820 0.123098 -0.632374 -0.323068 0.024659 0.975263 0.219669 96.867401 0.643772 -0.183601 0.742865 0.047498 0.000000 0.000000 0.000000 1.000000
0.764727 0.123241 -0.632459 -0.326169 0.024372 0.975304 0.219517 96.869194 0.643894 -0.183285 0.742838 0.057009 0.000000 0.000000 0.000000 1.000000
0.764696 0.123382 -0.632469 -0.327870 0.024079 0.975342 0.219382 96.871681 0.643941 -0.182990 0.742869 0.066314 0.000000 0.000000 0.000000 1.000000
0.764657 0.123540 -0.632485 -0.329275 0.023792 0.975373 0.219277 96.873535 0.643998 -0.182720 0.742887 0.075269 0.000000 0.000000 0.000000 1.000000
0.764625 0.123707 -0.632492 -0.330338 0.023518 0.975395 0.219205 96.873764 0.644047 -0.182485 0.742902 0.083788 0.000000 0.000000 0.000000 1.000000
0.764702 0.123849 -0.632371 -0.331186 0.023260 0.975411 0.219161 96.872108 0.643965 -0.182302 0.743018 0.091844 0.000000 0.000000 0.000000 1.000000
0.764749 0.124010 -0.632282 -0.331658 0.023024 0.975418 0.219157 96.869110 0.643917 -0.182158 0.743095 0.099428 0.000000 0.000000 0.000000 1.000000
0.764770 0.124182 -0.632222 -0.331784 0.022796 0.975420 0.219170 96.865417 0.643899 -0.182027 0.743142 0.106645 0.000000 0.000000 0.000000 1.000000
0.764828 0.124347 -0.632120 -0.331615 0.022569 0.975422 0.219186 96.861740 0.643839 -0.181906 0.743224 0.113266 0.000000 0.000000 0.000000 1.000000
0.764809 0.124537 -0.632106 -0.331019 0.022345 0.975421 0.219213 96.858597 0.643870 -0.181780 0.743228 0.118751 0.000000 0.000000 0.000000 1.000000
0.764860 0.124701 -0.632011 -0.330294 0.022119 0.975423 0.219228 96.856133 0.643816 -0.181658 0.743304 0.122298 0.000000 0.000000 0.000000 1.000000
0.764970 0.124842 -0.631851 -0.329453 0.021899 0.975426 0.219238 96.853821 0.643693 -0.181548 0.743437 0.124588 0.000000 0.000000 0.000000 1.000000
0.764966 0.125015 -0.631821 -0.328351 0.021690 0.975425 0.219262 96.850761 0.643705 -0.181432 0.743456 0.126553 0.000000 0.000000 0.000000 1.000000
0.764942 0.125190 -0.631815 -0.327128 0.021488 0.975423 0.219290 96.846100 0.643740 -0.181321 0.743452 0.128430 0.000000 0.000000 0.000000 1.000000
0.764963 0.125348 -0.631759 -0.325724 0.021291 0.975422 0.219315 96.839439 0.643722 -0.181219 0.743493 0.129911 0.000000 0.000000 0.000000 1.000000
0.764942 0.125486 -0.631757 -0.324281 0.021128 0.975422 0.219330 96.831406 0.643753 -0.181122 0.743490 0.131000 0.000000 0.000000 0.000000 1.000000
0.764868 0.125630 -0.631818 -0.322534 0.020977 0.975422 0.219346 96.822227 0.643846 -0.181024 0.743433 0.132346 0.000000 0.000000 0.000000 1.000000
0.764815 0.125765 -0.631855 -0.320308 0.020836 0.975419 0.219369 96.812828 0.643912 -0.180942 0.743395 0.133963 0.000000 0.000000 0.000000 1.000000
0.764746 0.125903 -0.631912 -0.317724 0.020718 0.975412 0.219415 96.804497 0.643999 -0.180888 0.743333 0.135290 0.000000 0.000000 0.000000 1.000000
0.764656 0.126042 -0.631993 -0.314724 0.020622 0.975399 0.219480 96.797913 0.644108 -0.180860 0.743245 0.136283 0.000000 0.000000 0.000000 1.000000
0.764566 0.126178 -0.632075 -0.311152 0.020540 0.975383 0.219557 96.792740 0.644219 -0.180848 0.743153 0.137204 0.000000 0.000000 0.000000 1.000000
0.764490 0.126309 -0.632140 -0.307127 0.020470 0.975365 0.219644 96.787659 0.644311 -0.180856 0.743071 0.138035 0.000000 0.000000 0.000000 1.000000
0.764383 0.126448 -0.632242 -0.302766 0.020408 0.975345 0.219741 96.781532 0.644440 -0.180869 0.742956 0.138815 0.000000 0.000000 0.000000 1.000000
0.764276 0.126584 -0.632344 -0.298343 0.020360 0.975321 0.219849 96.774216 0.644568 -0.180900 0.742837 0.139446 0.000000 0.000000 0.000000 1.000000
0.764226 0.126697 -0.632381 -0.293965 0.020324 0.975297 0.219961 96.766373 0.644628 -0.180953 0.742773 0.139911 0.000000 0.000000 0.000000 1.000000
0.764186 0.126805 -0.632408 -0.289638 0.020297 0.975271 0.220080 96.758690 0.644676 -0.181018 0.742715 0.140194 0.000000 0.000000 0.000000 1.000000
0.764210 0.126888 -0.632362 -0.285481 0.020276 0.975245 0.220194 96.751419 0.644648 -0.181096 0.742720 0.140289 0.000000 0.000000 0.000000 1.000000
0.764224 0.126970 -0.632329 -0.281480 0.020265 0.975219 0.220313 96.744705 0.644633 -0.181182 0.742712 0.140154 0.000000 0.000000 0.000000 1.000000
0.764262 0.127028 -0.632272 -0.277798 0.020273 0.975193 0.220428 96.738655 0.644587 -0.181282 0.742727 0.139732 0.000000 0.000000 0.000000 1.000000
0.764303 0.127080 -0.632212 -0.274252 0.020287 0.975166 0.220543 96.733421 0.644538 -0.181388 0.742744 0.139058 0.000000 0.000000 0.000000 1.000000
0.764347 0.127131 -0.632148 -0.270284 0.020305 0.975139 0.220661 96.728737 0.644485 -0.181498 0.742763 0.138075 0.000000 0.000000 0.000000 1.000000
0.764393 0.127181 -0.632083 -0.264653 0.020327 0.975111 0.220782 96.723976 0.644430 -0.181613 0.742783 0.136801 0.000000 0.000000 0.000000 1.000000
0.764440 0.127228 -0.632017 -0.258761 0.020352 0.975083 0.220905 96.718582 0.644374 -0.181732 0.742803 0.135187 0.000000 0.000000 0.000000 1.000000
0.764487 0.127274 -0.631950 -0.252601 0.020380 0.975054 0.221029 96.712692 0.644317 -0.181853 0.742822 0.133224 0.000000 0.000000 0.000000 1.000000
0.764534 0.127316 -0.631885 -0.246197 0.020415 0.975025 0.221154 96.707016 0.644261 -0.181979 0.742840 0.130842 0.000000 0.000000 0.000000 1.000000
0.764580 0.127355 -0.631822 -0.239580 0.020453 0.974996 0.221279 96.702087 0.644205 -0.182108 0.742857 0.127372 0.000000 0.000000 0.000000 1.000000
0.764623 0.127390 -0.631762 -0.232790 0.020499 0.974967 0.221404 96.697456 0.644152 -0.182241 0.742871 0.123018 0.000000 0.000000 0.000000 1.000000
0.764663 0.127422 -0.631707 -0.225835 0.020549 0.974937 0.221529 96.692940 0.644102 -0.182376 0.742881 0.118247 0.000000 0.000000 0.000000 1.000000
0.764701 0.127449 -0.631656 -0.218751 0.020605 0.974908 0.221652 96.688538 0.644056 -0.182513 0.742887 0.113151 0.000000 0.000000 0.000000 1.000000
0.764733 0.127471 -0.631613 -0.211570 0.020669 0.974879 0.221774 96.684204 0.644016 -0.182653 0.742887 0.107805 0.000000 0.000000 0.000000 1.000000
0.764760 0.127489 -0.631576 -0.204317 0.020738 0.974850 0.221894 96.679878 0.643981 -0.182793 0.742883 0.102328 0.000000 0.000000 0.000000 1.000000
0.764781 0.127502 -0.631548 -0.197594 0.020815 0.974822 0.222011 96.675629 0.643954 -0.182935 0.742872 0.097380 0.000000 0.000000 0.000000 1.000000
0.764795 0.127508 -0.631530 -0.188135 0.020901 0.974794 0.222125 96.671295 0.643934 -0.183079 0.742853 0.089697 0.000000 0.000000 0.000000 1.000000
0.764802 0.127507 -0.631522 -0.173029 0.020996 0.974767 0.222237 96.666954 0.643923 -0.183226 0.742826 0.076369 0.000000 0.000000 0.000000 1.000000</float_array>
        <technique_common>
          <accessor source="#mixamorig1_Hips-Matrix-animation-output-transform-array" count="94" stride="16">
            <param type="float4x4"/>
          </accessor>
        </technique_common>
      </source>
      <source id="mixamorig1_Hips-Interpolations">
        <Name_array id="mixamorig1_Hips-Interpolations-array" count="94">
 LINEAR LINEAR LINEAR LINEAR LINEAR LINEAR LINEAR LINEAR LINEAR LINEAR LINEAR
LINEAR LINEAR LINEAR LINEAR LINEAR LINEAR LINEAR LINEAR LINEAR LINEAR LINEAR LINEAR
LINEAR LINEAR LINEAR LINEAR LINEAR LINEAR LINEAR LINEAR LINEAR LINEAR LINEAR LINEAR
LINEAR LINEAR LINEAR LINEAR LINEAR LINEAR LINEAR LINEAR LINEAR LINEAR LINEAR LINEAR
LINEAR LINEAR LINEAR LINEAR LINEAR LINEAR LINEAR LINEAR LINEAR LINEAR LINEAR LINEAR
LINEAR LINEAR LINEAR LINEAR LINEAR LINEAR LINEAR LINEAR LINEAR LINEAR LINEAR LINEAR
LINEAR LINEAR LINEAR LINEAR LINEAR LINEAR LINEAR LINEAR LINEAR LINEAR LINEAR LINEAR
LINEAR LINEAR LINEAR LINEAR LINEAR LINEAR LINEAR LINEAR LINEAR LINEAR LINEAR</Name_array>
        <technique_common>
          <accessor source="#mixamorig1_Hips-Interpolations-array" count="94">
            <param type="name"/>
          </accessor>
        </technique_common>
      </source>
      <sampler id="mixamorig1_Hips-Matrix-animation-transform">
        <input semantic="INPUT" source="#mixamorig1_Hips-Matrix-animation-input"/>
        <input semantic="OUTPUT" source="#mixamorig1_Hips-Matrix-animation-output-transform"/>
        <input semantic="INTERPOLATION" source="#mixamorig1_Hips-Interpolations"/>
      </sampler>
      <channel source="#mixamorig1_Hips-Matrix-animation-transform" target="mixamorig1_Hips/matrix"/>
    </animation>
    <animation id="mixamorig1_Spine-anim" name="mixamorig1_Spine">
      <source id="mixamorig1_Spine-Matrix-animation-input">
        <float_array id="mixamorig1_Spine-Matrix-animation-input-array" count="94">

0.000000 0.033333 0.066667 0.100000 0.133333 0.166667 0.200000 0.233333 0.266667 0.300000 0.333333 0.366667 0.400000 0.433333 0.466667 0.500000
0.533333 0.566667 0.600000 0.633333 0.666667 0.700000 0.733333 0.766667 0.800000 0.833333 0.866667 0.900000 0.933333 0.966667 1.000000 1.033333
1.066667 1.100000 1.133333 1.166667 1.200000 1.233333 1.266667 1.300000 1.333333 1.366667 1.400000 1.433333 1.466667 1.500000 1.533333 1.566667
1.600000 1.633333 1.666667 1.700000 1.733333 1.766667 1.800000 1.833333 1.866667 1.900000 1.933333 1.966667 2.000000 2.033333 2.066667 2.100000
2.133333 2.166667 2.200000 2.233333 2.266667 2.300000 2.333333 2.366667 2.400000 2.433333 2.466667 2.500000 2.533333 2.566667 2.600000 2.633333
2.666667 2.700000 2.733333 2.766667 2.800000 2.833333 2.866667 2.900000 2.933333 2.966667 3.000000 3.033333 3.066667 3.100000</float_array>
        <technique_common>
          <accessor source="#mixamorig1_Spine-Matrix-animation-input-array" count="94">
            <param name="TIME" type="float"/>
          </accessor>
        </technique_common>
      </source>
      <source id="mixamorig1_Spine-Matrix-animation-output-transform">
        <float_array id="mixamorig1_Spine-Matrix-animation-output-transform-array" count="1504">

0.999995 0.002328 0.001916 0.000000 -0.002288 0.999793 -0.020226 9.717300 -0.001963 0.020221 0.999794 -1.180200 0.000000 0.000000 0.000000 1.000000
0.999996 0.002141 0.001887 -0.000000 -0.002103 0.999796 -0.020112 9.717300 -0.001930 0.020108 0.999796 -1.180200 0.000000 0.000000 0.000000 1.000000
0.999996 0.001959 0.001846 0.000000 -0.001922 0.999799 -0.019952 9.717300 -0.001885 0.019949 0.999799 -1.180200 0.000000 0.000000 0.000000 1.000000
0.999997 0.001776 0.001801 -0.000000 -0.001741 0.999804 -0.019740 9.717300 -0.001836 0.019736 0.999804 -1.180200 0.000000 0.000000 0.000000 1.000000
0.999997 0.001613 0.001740 -0.000000 -0.001579 0.999809 -0.019468 9.717300 -0.001771 0.019465 0.999809 -1.180200 0.000000 0.000000 0.000000 1.000000
0.999998 0.001470 0.001643 0.000000 -0.001439 0.999816 -0.019128 9.717300 -0.001671 0.019126 0.999816 -1.180200 0.000000 0.000000 0.000000 1.000000
0.999998 0.001330 0.001524 -0.000000 -0.001301 0.999824 -0.018690 9.717300 -0.001548 0.018688 0.999824 -1.180200 0.000000 0.000000 0.000000 1.000000
0.999998 0.001193 0.001402 0.000000 -0.001167 0.999833 -0.018212 9.717300 -0.001424 0.018211 0.999833 -1.180200 0.000000 0.000000 0.000000 1.000000
0.999999 0.001050 0.001298 -0.000000 -0.001027 0.999842 -0.017723 9.717300 -0.001316 0.017722 0.999842 -1.180200 0.000000 0.000000 0.000000 1.000000
0.999999 0.000887 0.001231 -0.000000 -0.000866 0.999851 -0.017235 9.717300 -0.001247 0.017233 0.999851 -1.180200 0.000000 0.000000 0.000000 1.000000
0.999999 0.000719 0.001187 -0.000000 -0.000699 0.999859 -0.016751 9.717300 -0.001199 0.016750 0.999859 -1.180200 0.000000 0.000000 0.000000 1.000000
0.999999 0.000547 0.001152 0.000000 -0.000528 0.999868 -0.016235 9.717300 -0.001161 0.016234 0.999868 -1.180200 0.000000 0.000000 0.000000 1.000000
0.999999 0.000369 0.001127 0.000000 -0.000351 0.999877 -0.015673 9.717300 -0.001132 0.015672 0.999877 -1.180200 0.000000 0.000000 0.000000 1.000000
0.999999 0.000183 0.001108 0.000000 -0.000166 0.999886 -0.015066 9.717300 -0.001110 0.015066 0.999886 -1.180200 0.000000 0.000000 0.000000 1.000000
0.999999 -0.000014 0.001096 0.000000 0.000030 0.999896 -0.014412 9.717300 -0.001096 0.014412 0.999896 -1.180200 0.000000 0.000000 0.000000 1.000000
0.999999 -0.000223 0.001090 0.000000 0.000237 0.999906 -0.013700 9.717300 -0.001087 0.013700 0.999906 -1.180200 0.000000 0.000000 0.000000 1.000000
0.999999 -0.000457 0.001089 0.000000 0.000471 0.999916 -0.012918 9.717300 -0.001083 0.012919 0.999916 -1.180200 0.000000 0.000000 0.000000 1.000000
0.999999 -0.000724 0.001123 0.000000 0.000737 0.999927 -0.012066 9.717300 -0.001114 0.012066 0.999927 -1.180200 0.000000 0.000000 0.000000 1.000000
0.999999 -0.000985 0.001168 0.000000 0.000998 0.999937 -0.011155 9.717300 -0.001157 0.011156 0.999937 -1.180200 0.000000 0.000000 0.000000 1.000000
0.999998 -0.001238 0.001212 0.000000 0.001250 0.999947 -0.010189 9.717300 -0.001199 0.010190 0.999947 -1.180200 0.000000 0.000000 0.000000 1.000000
0.999998 -0.001481 0.001247 -0.000000 0.001492 0.999957 -0.009172 9.717300 -0.001233 0.009174 0.999957 -1.180200 0.000000 0.000000 0.000000 1.000000
0.999998 -0.001699 0.001271 0.000000 0.001710 0.999966 -0.008117 9.717300 -0.001257 0.008119 0.999966 -1.180200 0.000000 0.000000 0.000000 1.000000
0.999997 -0.001907 0.001291 -0.000000 0.001916 0.999973 -0.007032 9.717300 -0.001277 0.007035 0.999974 -1.180200 0.000000 0.000000 0.000000 1.000000
0.999997 -0.002109 0.001305 -0.000000 0.002116 0.999980 -0.005940 9.717300 -0.001293 0.005943 0.999982 -1.180200 0.000000 0.000000 0.000000 1.000000
0.999996 -0.002303 0.001321 -0.000000 0.002310 0.999986 -0.004849 9.717300 -0.001310 0.004852 0.999987 -1.180200 0.000000 0.000000 0.000000 1.000000
0.999996 -0.002494 0.001340 0.000000 0.002499 0.999990 -0.003757 9.717300 -0.001331 0.003760 0.999992 -1.180200 0.000000 0.000000 0.000000 1.000000
0.999995 -0.002677 0.001360 0.000000 0.002681 0.999993 -0.002658 9.717300 -0.001353 0.002661 0.999996 -1.180200 0.000000 0.000000 0.000000 1.000000
0.999995 -0.002852 0.001376 0.000000 0.002854 0.999995 -0.001555 9.717300 -0.001371 0.001559 0.999998 -1.180200 0.000000 0.000000 0.000000 1.000000
0.999994 -0.003020 0.001376 0.000000 0.003020 0.999995 -0.000458 9.717300 -0.001375 0.000462 0.999999 -1.180200 0.000000 0.000000 0.000000 1.000000
0.999994 -0.003183 0.001371 0.000000 0.003182 0.999995 0.000630 9.717300 -0.001373 -0.000626 0.999999 -1.180200 0.000000 0.000000 0.000000 1.000000
0.999993 -0.003339 0.001364 0.000000 0.003337 0.999993 0.001705 9.717300 -0.001370 -0.001700 0.999998 -1.180200 0.000000 0.000000 0.000000 1.000000
0.999993 -0.003490 0.001356 0.000000 0.003486 0.999990 0.002761 9.717300 -0.001366 -0.002756 0.999995 -1.180200 0.000000 0.000000 0.000000 1.000000
0.999992 -0.003634 0.001348 -0.000000 0.003629 0.999986 0.003790 9.717300 -0.001362 -0.003785 0.999992 -1.180200 0.000000 0.000000 0.000000 1.000000
0.999992 -0.003774 0.001343 0.000000 0.003768 0.999981 0.004785 9.717300 -0.001361 -0.004780 0.999988 -1.180200 0.000000 0.000000 0.000000 1.000000
0.999991 -0.003910 0.001342 0.000000 0.003902 0.999976 0.005746 9.717300 -0.001364 -0.005741 0.999983 -1.180200 0.000000 0.000000 0.000000 1.000000
0.999991 -0.004042 0.001346 -0.000000 0.004033 0.999970 0.006667 9.717300 -0.001373 -0.006662 0.999977 -1.180200 0.000000 0.000000 0.000000 1.000000
0.999990 -0.004171 0.001357 0.000000 0.004160 0.999963 0.007544 9.717300 -0.001388 -0.007539 0.999971 -1.180200 0.000000 0.000000 0.000000 1.000000
0.999990 -0.004296 0.001384 0.000000 0.004284 0.999956 0.008366 9.717300 -0.001420 -0.008360 0.999964 -1.180200 0.000000 0.000000 0.000000 1.000000
0.999989 -0.004425 0.001436 0.000000 0.004411 0.999949 0.009131 9.717300 -0.001476 -0.009125 0.999957 -1.180200 0.000000 0.000000 0.000000 1.000000
0.999988 -0.004557 0.001510 0.000000 0.004542 0.999942 0.009814 9.717300 -0.001555 -0.009807 0.999951 -1.180200 0.000000 0.000000 0.000000 1.000000
0.999988 -0.004683 0.001541 -0.000000 0.004667 0.999935 0.010356 9.717300 -0.001590 -0.010349 0.999945 -1.180200 0.000000 0.000000 0.000000 1.000000
0.999987 -0.004807 0.001548 -0.000000 0.004790 0.999931 0.010721 9.717300 -0.001599 -0.010713 0.999941 -1.180200 0.000000 0.000000 0.000000 1.000000
0.999987 -0.004926 0.001540 0.000000 0.004909 0.999929 0.010901 9.717300 -0.001594 -0.010893 0.999939 -1.180200 0.000000 0.000000 0.000000 1.000000
0.999986 -0.005019 0.001519 -0.000000 0.005002 0.999928 0.010920 9.717300 -0.001574 -0.010913 0.999939 -1.180200 0.000000 0.000000 0.000000 1.000000
0.999986 -0.005086 0.001453 -0.000000 0.005070 0.999928 0.010855 9.717300 -0.001508 -0.010847 0.999940 -1.180200 0.000000 0.000000 0.000000 1.000000
0.999986 -0.005128 0.001365 0.000000 0.005113 0.999929 0.010735 9.717300 -0.001420 -0.010728 0.999941 -1.180200 0.000000 0.000000 0.000000 1.000000
0.999986 -0.005146 0.001268 0.000000 0.005132 0.999931 0.010588 9.717300 -0.001322 -0.010581 0.999943 -1.180200 0.000000 0.000000 0.000000 1.000000
0.999986 -0.005146 0.001183 0.000000 0.005133 0.999932 0.010444 9.717300 -0.001237 -0.010438 0.999945 -1.180200 0.000000 0.000000 0.000000 1.000000
0.999986 -0.005115 0.001123 0.000000 0.005103 0.999933 0.010362 9.717300 -0.001176 -0.010356 0.999946 -1.180200 0.000000 0.000000 0.000000 1.000000
0.999987 -0.005076 0.001075 0.000000 0.005065 0.999934 0.010339 9.717300 -0.001127 -0.010333 0.999946 -1.180200 0.000000 0.000000 0.000000 1.000000
0.999987 -0.005039 0.001037 -0.000000 0.005028 0.999934 0.010362 9.717300 -0.001089 -0.010356 0.999946 -1.180200 0.000000 0.000000 0.000000 1.000000
0.999987 -0.005005 0.001014 0.000000 0.004995 0.999933 0.010419 9.717300 -0.001066 -0.010413 0.999945 -1.180200 0.000000 0.000000 0.000000 1.000000
0.999987 -0.004967 0.000994 0.000000 0.004956 0.999933 0.010480 9.717300 -0.001046 -0.010475 0.999945 -1.180200 0.000000 0.000000 0.000000 1.000000
0.999987 -0.004921 0.000977 0.000000 0.004910 0.999933 0.010507 9.717300 -0.001029 -0.010502 0.999944 -1.180200 0.000000 0.000000 0.000000 1.000000
0.999988 -0.004874 0.000966 0.000000 0.004863 0.999933 0.010484 9.717300 -0.001017 -0.010479 0.999945 -1.180200 0.000000 0.000000 0.000000 1.000000
0.999988 -0.004823 0.000961 -0.000000 0.004813 0.999934 0.010393 9.717300 -0.001011 -0.010388 0.999946 -1.180200 0.000000 0.000000 0.000000 1.000000
0.999988 -0.004771 0.000964 0.000000 0.004761 0.999937 0.010176 9.717300 -0.001012 -0.010171 0.999948 -1.180200 0.000000 0.000000 0.000000 1.000000
0.999988 -0.004712 0.000977 0.000000 0.004703 0.999941 0.009812 9.717300 -0.001023 -0.009808 0.999951 -1.180200 0.000000 0.000000 0.000000 1.000000
0.999989 -0.004647 0.001002 0.000000 0.004637 0.999946 0.009354 9.717300 -0.001045 -0.009349 0.999956 -1.180200 0.000000 0.000000 0.000000 1.000000
0.999989 -0.004575 0.001061 0.000000 0.004565 0.999951 0.008815 9.717300 -0.001101 -0.008810 0.999961 -1.180200 0.000000 0.000000 0.000000 1.000000
0.999989 -0.004485 0.001108 0.000000 0.004476 0.999956 0.008199 9.717300 -0.001144 -0.008194 0.999966 -1.180200 0.000000 0.000000 0.000000 1.000000
0.999990 -0.004380 0.001132 0.000000 0.004372 0.999962 0.007503 9.717300 -0.001165 -0.007498 0.999971 -1.180200 0.000000 0.000000 0.000000 1.000000
0.999990 -0.004261 0.001153 0.000000 0.004253 0.999968 0.006744 9.717300 -0.001181 -0.006739 0.999977 -1.180200 0.000000 0.000000 0.000000 1.000000
0.999991 -0.004132 0.001175 0.000000 0.004125 0.999974 0.005924 9.717300 -0.001199 -0.005919 0.999982 -1.180200 0.000000 0.000000 0.000000 1.000000
0.999991 -0.003996 0.001203 -0.000000 0.003990 0.999979 0.005039 9.717300 -0.001224 -0.005035 0.999987 -1.180200 0.000000 0.000000 0.000000 1.000000
0.999992 -0.003852 0.001252 0.000000 0.003847 0.999984 0.004091 9.717300 -0.001268 -0.004086 0.999991 -1.180200 0.000000 0.000000 0.000000 1.000000
0.999992 -0.003705 0.001316 0.000000 0.003701 0.999988 0.003105 9.717300 -0.001327 -0.003100 0.999994 -1.180200 0.000000 0.000000 0.000000 1.000000
0.999993 -0.003557 0.001404 0.000000 0.003554 0.999991 0.002090 9.717300 -0.001412 -0.002085 0.999997 -1.180200 0.000000 0.000000 0.000000 1.000000
0.999993 -0.003401 0.001502 -0.000000 0.003400 0.999994 0.001053 9.717300 -0.001505 -0.001048 0.999998 -1.180200 0.000000 0.000000 0.000000 1.000000
0.999994 -0.003232 0.001591 -0.000000 0.003232 0.999995 -0.000006 9.717300 -0.001591 0.000011 0.999999 -1.180200 0.000000 0.000000 0.000000 1.000000
0.999994 -0.003050 0.001660 0.000000 0.003052 0.999995 -0.001078 9.717300 -0.001657 0.001083 0.999998 -1.180200 0.000000 0.000000 0.000000 1.000000
0.999995 -0.002829 0.001712 -0.000000 0.002833 0.999994 -0.002162 9.717300 -0.001706 0.002167 0.999996 -1.180200 0.000000 0.000000 0.000000 1.000000
0.999995 -0.002595 0.001755 0.000000 0.002601 0.999991 -0.003262 9.717300 -0.001746 0.003266 0.999993 -1.180200 0.000000 0.000000 0.000000 1.000000
0.999996 -0.002347 0.001798 0.000000 0.002355 0.999988 -0.004375 9.717300 -0.001788 0.004379 0.999989 -1.180200 0.000000 0.000000 0.000000 1.000000
0.999996 -0.002090 0.001858 -0.000000 0.002100 0.999983 -0.005494 9.717300 -0.001846 0.005498 0.999983 -1.180200 0.000000 0.000000 0.000000 1.000000
0.999996 -0.001818 0.001931 -0.000000 0.001831 0.999976 -0.006623 9.717300 -0.001919 0.006627 0.999976 -1.180200 0.000000 0.000000 0.000000 1.000000
0.999997 -0.001527 0.002018 0.000000 0.001542 0.999969 -0.007752 9.717300 -0.002007 0.007755 0.999968 -1.180200 0.000000 0.000000 0.000000 1.000000
0.999997 -0.001211 0.002089 0.000000 0.001229 0.999960 -0.008868 9.717300 -0.002078 0.008871 0.999958 -1.180200 0.000000 0.000000 0.000000 1.000000
0.999997 -0.000873 0.002144 0.000000 0.000895 0.999950 -0.009956 9.717300 -0.002135 0.009958 0.999948 -1.180200 0.000000 0.000000 0.000000 1.000000
0.999997 -0.000526 0.002190 0.000000 0.000551 0.999939 -0.011010 9.717300 -0.002184 0.011012 0.999937 -1.180200 0.000000 0.000000 0.000000 1.000000
0.999998 -0.000181 0.002225 -0.000000 0.000207 0.999928 -0.012020 9.717300 -0.002223 0.012021 0.999925 -1.180200 0.000000 0.000000 0.000000 1.000000
0.999998 0.000156 0.002225 -0.000000 -0.000127 0.999916 -0.012990 9.717300 -0.002227 0.012989 0.999913 -1.180200 0.000000 0.000000 0.000000 1.000000
0.999997 0.000429 0.002197 0.000000 -0.000399 0.999903 -0.013913 9.717300 -0.002203 0.013912 0.999901 -1.180200 0.000000 0.000000 0.000000 1.000000
0.999998 0.000670 0.002128 0.000000 -0.000639 0.999890 -0.014795 9.717300 -0.002138 0.014794 0.999888 -1.180200 0.000000 0.000000 0.000000 1.000000
0.999997 0.000892 0.002061 0.000000 -0.000860 0.999877 -0.015633 9.717300 -0.002075 0.015631 0.999876 -1.180200 0.000000 0.000000 0.000000 1.000000
0.999997 0.001094 0.002013 -0.000000 -0.001061 0.999865 -0.016416 9.717300 -0.002031 0.016414 0.999863 -1.180200 0.000000 0.000000 0.000000 1.000000
0.999997 0.001282 0.001987 0.000000 -0.001248 0.999852 -0.017132 9.717300 -0.002009 0.017129 0.999851 -1.180200 0.000000 0.000000 0.000000 1.000000
0.999997 0.001461 0.001974 0.000000 -0.001426 0.999841 -0.017803 9.717300 -0.002000 0.017800 0.999840 -1.180200 0.000000 0.000000 0.000000 1.000000
0.999997 0.001636 0.001970 -0.000000 -0.001599 0.999829 -0.018425 9.717300 -0.001999 0.018421 0.999828 -1.180200 0.000000 0.000000 0.000000 1.000000
0.999996 0.001791 0.001965 0.000000 -0.001753 0.999819 -0.018964 9.717300 -0.001998 0.018960 0.999818 -1.180200 0.000000 0.000000 0.000000 1.000000
0.999996 0.001896 0.001954 0.000000 -0.001858 0.999810 -0.019394 9.717300 -0.001990 0.019390 0.999810 -1.180200 0.000000 0.000000 0.000000 1.000000
0.999996 0.001965 0.001949 0.000000 -0.001926 0.999803 -0.019732 9.717300 -0.001988 0.019728 0.999803 -1.180200 0.000000 0.000000 0.000000 1.000000
0.999996 0.002016 0.001956 0.000000 -0.001977 0.999799 -0.019972 9.717300 -0.001996 0.019968 0.999799 -1.180200 0.000000 0.000000 0.000000 1.000000
0.999996 0.002066 0.001963 -0.000000 -0.002026 0.999795 -0.020126 9.717300 -0.002004 0.020122 0.999796 -1.180200 0.000000 0.000000 0.000000 1.000000</float_array>
        <technique_common>
          <accessor source="#mixamorig1_Spine-Matrix-animation-output-transform-array" count="94" stride="16">
            <param type="float4x4"/>
          </accessor>
        </technique_common>
      </source>
      <source id="mixamorig1_Spine-Interpolations">
        <Name_array id="mixamorig1_Spine-Interpolations-array" count="94">
 LINEAR LINEAR LINEAR LINEAR LINEAR LINEAR LINEAR LINEAR LINEAR LINEAR LINEAR
LINEAR LINEAR LINEAR LINEAR LINEAR LINEAR LINEAR LINEAR LINEAR LINEAR LINEAR LINEAR
LINEAR LINEAR LINEAR LINEAR LINEAR LINEAR LINEAR LINEAR LINEAR LINEAR LINEAR LINEAR
LINEAR LINEAR LINEAR LINEAR LINEAR LINEAR LINEAR LINEAR LINEAR LINEAR LINEAR LINEAR
LINEAR LINEAR LINEAR LINEAR LINEAR LINEAR LINEAR LINEAR LINEAR LINEAR LINEAR LINEAR
LINEAR LINEAR LINEAR LINEAR LINEAR LINEAR LINEAR LINEAR LINEAR LINEAR LINEAR LINEAR
LINEAR LINEAR LINEAR LINEAR LINEAR LINEAR LINEAR LINEAR LINEAR LINEAR LINEAR LINEAR
LINEAR LINEAR LINEAR LINEAR LINEAR LINEAR LINEAR LINEAR LINEAR LINEAR LINEAR</Name_array>
        <technique_common>
          <accessor source="#mixamorig1_Spine-Interpolations-array" count="94">
            <param type="name"/>
          </accessor>
        </technique_common>
      </source>
      <sampler id="mixamorig1_Spine-Matrix-animation-transform">
        <input semantic="INPUT" source="#mixamorig1_Spine-Matrix-animation-input"/>
        <input semantic="OUTPUT" source="#mixamorig1_Spine-Matrix-animation-output-transform"/>
        <input semantic="INTERPOLATION" source="#mixamorig1_Spine-Interpolations"/>
      </sampler>
      <channel source="#mixamorig1_Spine-Matrix-animation-transform" target="mixamorig1_Spine/matrix"/>
    </animation>
    <animation id="mixamorig1_Spine1-anim" name="mixamorig1_Spine1">
      <source id="mixamorig1_Spine1-Matrix-animation-input">
        <float_array id="mixamorig1_Spine1-Matrix-animation-input-array" count="94">

0.000000 0.033333 0.066667 0.100000 0.133333 0.166667 0.200000 0.233333 0.266667 0.300000 0.333333 0.366667 0.400000 0.433333 0.466667 0.500000
0.533333 0.566667 0.600000 0.633333 0.666667 0.700000 0.733333 0.766667 0.800000 0.833333 0.866667 0.900000 0.933333 0.966667 1.000000 1.033333
1.066667 1.100000 1.133333 1.166667 1.200000 1.233333 1.266667 1.300000 1.333333 1.366667 1.400000 1.433333 1.466667 1.500000 1.533333 1.566667
1.600000 1.633333 1.666667 1.700000 1.733333 1.766667 1.800000 1.833333 1.866667 1.900000 1.933333 1.966667 2.000000 2.033333 2.066667 2.100000
2.133333 2.166667 2.200000 2.233333 2.266667 2.300000 2.333333 2.366667 2.400000 2.433333 2.466667 2.500000 2.533333 2.566667 2.600000 2.633333
2.666667 2.700000 2.733333 2.766667 2.800000 2.833333 2.866667 2.900000 2.933333 2.966667 3.000000 3.033333 3.066667 3.100000</float_array>
        <technique_common>
          <accessor source="#mixamorig1_Spine1-Matrix-animation-input-array" count="94">
            <param name="TIME" type="float"/>
          </accessor>
        </technique_common>
      </source>
      <source id="mixamorig1_Spine1-Matrix-animation-output-transform">
        <float_array id="mixamorig1_Spine1-Matrix-animation-output-transform-array" count="1504">

0.999906 0.013726 -0.000162 0.000000 -0.013220 0.959678 -0.280791 11.420100 -0.003698 0.280767 0.959769 0.000000 0.000000 0.000000 0.000000 1.000000
0.999906 0.013726 -0.000163 0.000000 -0.013215 0.959326 -0.281990 11.420100 -0.003715 0.281965 0.959417 0.000000 0.000000 0.000000 0.000000 1.000000
0.999906 0.013726 -0.000163 0.000000 -0.013211 0.959029 -0.282999 11.420100 -0.003729 0.282975 0.959120 0.000000 0.000000 0.000000 0.000000 1.000000
0.999906 0.013726 -0.000163 0.000000 -0.013208 0.958784 -0.283828 11.420100 -0.003740 0.283803 0.958875 0.000000 0.000000 0.000000 0.000000 1.000000
0.999906 0.013715 -0.000163 -0.000000 -0.013195 0.958586 -0.284496 11.420100 -0.003746 0.284472 0.958677 0.000000 0.000000 0.000000 0.000000 1.000000
0.999906 0.013676 -0.000164 0.000000 -0.013156 0.958422 -0.285051 11.420100 -0.003741 0.285027 0.958512 0.000000 0.000000 0.000000 0.000000 1.000000
0.999907 0.013632 -0.000165 -0.000000 -0.013112 0.958287 -0.285506 11.420100 -0.003734 0.285481 0.958377 0.000000 0.000000 0.000000 0.000000 1.000000
0.999908 0.013582 -0.000167 -0.000000 -0.013063 0.958169 -0.285904 11.420100 -0.003723 0.285880 0.958258 0.000000 0.000000 0.000000 0.000000 1.000000
0.999909 0.013525 -0.000169 -0.000000 -0.013008 0.958064 -0.286258 11.420100 -0.003710 0.286234 0.958152 0.000000 0.000000 0.000000 0.000000 1.000000
0.999909 0.013463 -0.000170 0.000000 -0.012948 0.957972 -0.286568 11.420100 -0.003695 0.286544 0.958060 0.000000 0.000000 0.000000 0.000000 1.000000
0.999910 0.013396 -0.000172 0.000000 -0.012883 0.957895 -0.286828 11.420100 -0.003677 0.286805 0.957982 -0.000000 0.000000 0.000000 0.000000 1.000000
0.999911 0.013324 -0.000175 0.000000 -0.012813 0.957837 -0.287026 11.420100 -0.003657 0.287003 0.957923 0.000000 0.000000 0.000000 0.000000 1.000000
0.999912 0.013246 -0.000161 0.000000 -0.012734 0.957798 -0.287160 11.420100 -0.003649 0.287137 0.957883 0.000000 0.000000 0.000000 0.000000 1.000000
0.999913 0.013164 -0.000145 0.000000 -0.012650 0.957776 -0.287238 11.420100 -0.003642 0.287215 0.957859 0.000000 0.000000 0.000000 0.000000 1.000000
0.999914 0.013078 -0.000128 0.000000 -0.012564 0.957772 -0.287253 11.420100 -0.003634 0.287230 0.957855 0.000000 0.000000 0.000000 0.000000 1.000000
0.999916 0.012989 -0.000110 0.000000 -0.012474 0.957791 -0.287195 11.420100 -0.003625 0.287172 0.957872 0.000000 0.000000 0.000000 0.000000 1.000000
0.999917 0.012897 -0.000092 0.000000 -0.012381 0.957834 -0.287055 11.420100 -0.003614 0.287032 0.957914 -0.000000 0.000000 0.000000 0.000000 1.000000
0.999918 0.012802 -0.000074 0.000000 -0.012285 0.957906 -0.286820 11.420100 -0.003601 0.286797 0.957985 -0.000000 0.000000 0.000000 0.000000 1.000000
0.999919 0.012705 -0.000054 0.000000 -0.012188 0.958002 -0.286502 11.420100 -0.003588 0.286479 0.958080 -0.000000 0.000000 0.000000 0.000000 1.000000
0.999921 0.012607 -0.000034 -0.000000 -0.012090 0.958124 -0.286100 11.420100 -0.003574 0.286077 0.958200 0.000000 0.000000 0.000000 0.000000 1.000000
0.999922 0.012507 -0.000014 0.000000 -0.011990 0.958270 -0.285615 11.420100 -0.003558 0.285592 0.958345 -0.000000 0.000000 0.000000 0.000000 1.000000
0.999923 0.012406 0.000006 -0.000000 -0.011890 0.958439 -0.285050 11.420100 -0.003542 0.285028 0.958513 0.000000 0.000000 0.000000 0.000000 1.000000
0.999924 0.012305 0.000027 0.000000 -0.011789 0.958633 -0.284399 11.420100 -0.003525 0.284378 0.958706 0.000000 0.000000 0.000000 0.000000 1.000000
0.999926 0.012204 0.000048 -0.000000 -0.011689 0.958845 -0.283689 11.420100 -0.003508 0.283668 0.958916 0.000000 0.000000 0.000000 0.000000 1.000000
0.999927 0.012103 0.000069 0.000000 -0.011589 0.959072 -0.282927 11.420100 -0.003490 0.282905 0.959142 0.000000 0.000000 0.000000 0.000000 1.000000
